PreprocessorDefinitions=AFX_NUM_DOWNSCALES=7,SLICE_COUNT=9,DEBUG_SSAO=0,AFX_SLICE_COUNT=9,AFX_STEPS_PER_SLICE=3,AFX_DEBUG_SSAO=0,AFX_FRAME_COUNT=0,AFX_DOWNSCALE_FACTOR=1,AFX_DITHER_DOWNSCALE=1,AFX_CORRECT_COUNT=1,AFX_NOISE_DOWNSCALE_FACTOR=1,AFX_PALETTE_COUNT=4,AFX_SHARPNESS_CLONE_COUNT=1,AFX_SAMPLE_SKY=1
Techniques=AcerolaFXStart@AcerolaFX_Start.fx,AFX_XeGTAO@AcerolaFX_XeGTAO.fx,AFX_ColorCorrection@AcerolaFX_ColorCorrection.fx,AFX_Gamma@AcerolaFX_Gamma.fx,AFX_SHARPNESS2@AcerolaFX_Sharpness.fx,AFX_Dither@AcerolaFX_Dither.fx,AFX_PaletteSwap@AcerolaFX_PaletteSwap.fx,AFX_AdaptiveSharpness@AcerolaFX_Sharpness.fx,AFX_Bloom@AcerolaFX_Bloom.fx,AFX_Vignette@AcerolaFX_Vignette.fx,AcerolaFXEnd@AcerolaFX_End.fx

[AcerolaFX_Bloom.fx]
_BlendMode=0
_Brightness=0.000000,0.000000,0.000000
_ColorFilter=1.000000,1.000000,1.000000
_Contrast=1.000000
_DownSampleDelta=1.000000
_ExposureCorrect=2.575000
_FilterIntensity=1.000000
_Intensity=0.300000
_LuminanceBias=1.000000
_Saturation=1.000000
_SoftThreshold=0.902000
_Temperature=0.000000
_Threshold=0.500000
_Tint=0.000000
_UpSampleDelta=0.500000
_UseKarisAvg=1

[AcerolaFX_ColorCorrection.fx]
_Brightness=0.000000,0.000000,0.000000
_Brightness2=0.000000,0.000000,0.000000
_ColorFilter=1.000000,1.000000,1.000000
_ColorFilter2=1.000000,1.000000,1.000000
_Contrast=1.000000,1.000000,1.000000
_Contrast2=1.000000,1.000000,1.000000
_Exposure=1.572000
_Exposure2=1.000000
_FilterIntensity=1.000000
_FilterIntensity2=1.000000
_HDR=1
_HDR2=1
_LinearMidPoint=0.500000,0.500000,0.500000
_LinearMidPoint2=0.500000,0.500000,0.500000
_Saturation=0.000000,0.000000,0.000000
_Saturation2=1.000000,1.000000,1.000000
_Temperature=0.000000
_Temperature2=0.000000
_Tint=0.000000
_Tint2=0.000000

[AcerolaFX_Dither.fx]
_AnimateNoise=0
_AnimationSpeed=0.973000
_BayerLevel=2
_BlueColorCount=4
_BlueNoiseTexture=0
_GreenColorCount=4
_MaskUI=1
_NoiseMode=0
_RedColorCount=4
_Spread=0.098000

[AcerolaFX_End.fx]
_MaskUI=1

[AcerolaFX_Gamma.fx]
_Gamma=1.427000

[AcerolaFX_PaletteSwap.fx]
_Color1=0.112745,0.067426,0.067426
_Color2=0.186274,0.146098,0.167368
_Color3=0.227152,0.224529,0.313725
_Color4=0.553922,0.413046,0.287822

[AcerolaFX_Sharpness.fx]
_Filter=0
_Filter2=0
_Offset=0.000000
_Sharpness=0.177000
_Sharpness2=0.300000
_SharpnessFalloff=0.000000
_SharpnessFalloff2=0.000000
_SharpnessOffset2=0.000000

[AcerolaFX_Vignette.fx]
_Intensity=1.562999
_Roundness=2.930000
_Smoothness=1.000000
_VignetteColor=0.050980,0.164706,0.176471
_VignetteOffset=0.000000,0.000000
_VignetteSize=1.000000,1.000000

[AcerolaFX_XeGTAO.fx]
_EffectFalloffRange=0.615000
_EffectRadius=0.500000
_FinalValuePower=2.200000
_RadiusMultiplier=1.457000
_SampleDistributionPower=2.000000
_SigmaD=2.000000
_SigmaR=1.000000
_SlopeCompensation=0.050000
_ThinOccluderCompensation=0.000000

